YlGn
13
1.0,1.0,0.898039215686
1.0,1.0,0.8
0.96862745098,0.988235294118,0.725490196078
0.850980392157,0.941176470588,0.639215686275
0.760784313725,0.901960784314,0.6
0.678431372549,0.866666666667,0.556862745098
0.470588235294,0.776470588235,0.474509803922
0.254901960784,0.670588235294,0.364705882353
0.192156862745,0.639215686275,0.329411764706
0.137254901961,0.517647058824,0.262745098039
0.0,0.407843137255,0.21568627451
0.0,0.352941176471,0.196078431373
0.0,0.270588235294,0.160784313725
YlGnBu
13
1.0,1.0,0.850980392157
1.0,1.0,0.8
0.929411764706,0.972549019608,0.694117647059
0.780392156863,0.913725490196,0.705882352941
0.63137254902,0.854901960784,0.705882352941
0.498039215686,0.803921568627,0.733333333333
0.254901960784,0.713725490196,0.76862745098
0.113725490196,0.56862745098,0.752941176471
0.172549019608,0.498039215686,0.721568627451
0.133333333333,0.36862745098,0.658823529412
0.145098039216,0.203921568627,0.580392156863
0.0470588235294,0.172549019608,0.517647058824
0.0313725490196,0.113725490196,0.345098039216
GnBu
13
0.96862745098,0.988235294118,0.941176470588
0.941176470588,0.976470588235,0.909803921569
0.878431372549,0.952941176471,0.858823529412
0.8,0.921568627451,0.772549019608
0.729411764706,0.894117647059,0.737254901961
0.658823529412,0.866666666667,0.709803921569
0.482352941176,0.8,0.76862745098
0.305882352941,0.701960784314,0.827450980392
0.262745098039,0.635294117647,0.792156862745
0.16862745098,0.549019607843,0.745098039216
0.0313725490196,0.407843137255,0.674509803922
0.0313725490196,0.345098039216,0.619607843137
0.0313725490196,0.250980392157,0.505882352941
BuGn
13
0.96862745098,0.988235294118,0.992156862745
0.929411764706,0.972549019608,0.98431372549
0.898039215686,0.960784313725,0.976470588235
0.8,0.925490196078,0.901960784314
0.698039215686,0.886274509804,0.886274509804
0.6,0.847058823529,0.788235294118
0.4,0.760784313725,0.643137254902
0.254901960784,0.682352941176,0.462745098039
0.172549019608,0.635294117647,0.372549019608
0.137254901961,0.545098039216,0.270588235294
0.0,0.427450980392,0.172549019608
0.0,0.345098039216,0.141176470588
0.0,0.266666666667,0.105882352941
PuBuGn
13
1.0,0.96862745098,0.98431372549
0.964705882353,0.937254901961,0.96862745098
0.925490196078,0.886274509804,0.941176470588
0.81568627451,0.819607843137,0.901960784314
0.741176470588,0.788235294118,0.882352941176
0.650980392157,0.741176470588,0.858823529412
0.403921568627,0.662745098039,0.811764705882
0.211764705882,0.564705882353,0.752941176471
0.109803921569,0.564705882353,0.6
0.0078431372549,0.505882352941,0.541176470588
0.00392156862745,0.423529411765,0.349019607843
0.00392156862745,0.392156862745,0.313725490196
0.00392156862745,0.274509803922,0.211764705882
PuBu
13
1.0,0.96862745098,0.98431372549
0.945098039216,0.933333333333,0.964705882353
0.925490196078,0.905882352941,0.949019607843
0.81568627451,0.819607843137,0.901960784314
0.741176470588,0.788235294118,0.882352941176
0.650980392157,0.741176470588,0.858823529412
0.454901960784,0.662745098039,0.811764705882
0.211764705882,0.564705882353,0.752941176471
0.16862745098,0.549019607843,0.745098039216
0.0196078431373,0.439215686275,0.690196078431
0.0156862745098,0.352941176471,0.552941176471
0.0117647058824,0.305882352941,0.482352941176
0.0078431372549,0.219607843137,0.345098039216
BuPu
13
0.96862745098,0.988235294118,0.992156862745
0.929411764706,0.972549019608,0.98431372549
0.878431372549,0.925490196078,0.956862745098
0.749019607843,0.827450980392,0.901960784314
0.701960784314,0.803921568627,0.890196078431
0.619607843137,0.737254901961,0.854901960784
0.549019607843,0.588235294118,0.776470588235
0.549019607843,0.419607843137,0.694117647059
0.533333333333,0.337254901961,0.654901960784
0.533333333333,0.254901960784,0.61568627451
0.505882352941,0.0588235294118,0.486274509804
0.43137254902,0.00392156862745,0.419607843137
0.301960784314,0.0,0.294117647059
RdPu
13
1.0,0.96862745098,0.952941176471
0.996078431373,0.921568627451,0.886274509804
0.992156862745,0.878431372549,0.866666666667
0.988235294118,0.772549019608,0.752941176471
0.98431372549,0.705882352941,0.725490196078
0.980392156863,0.623529411765,0.709803921569
0.96862745098,0.407843137255,0.63137254902
0.866666666667,0.203921568627,0.592156862745
0.772549019608,0.105882352941,0.541176470588
0.682352941176,0.00392156862745,0.494117647059
0.478431372549,0.00392156862745,0.466666666667
0.478431372549,0.00392156862745,0.466666666667
0.286274509804,0.0,0.41568627451
PuRd
13
0.96862745098,0.956862745098,0.976470588235
0.945098039216,0.933333333333,0.964705882353
0.905882352941,0.882352941176,0.937254901961
0.83137254902,0.725490196078,0.854901960784
0.843137254902,0.709803921569,0.847058823529
0.788235294118,0.580392156863,0.780392156863
0.874509803922,0.396078431373,0.690196078431
0.905882352941,0.160784313725,0.541176470588
0.866666666667,0.109803921569,0.466666666667
0.807843137255,0.0705882352941,0.337254901961
0.596078431373,0.0,0.262745098039
0.56862745098,0.0,0.247058823529
0.403921568627,0.0,0.121568627451
OrRd
13
1.0,0.96862745098,0.925490196078
0.996078431373,0.941176470588,0.850980392157
0.996078431373,0.909803921569,0.78431372549
0.992156862745,0.83137254902,0.619607843137
0.992156862745,0.8,0.541176470588
0.992156862745,0.733333333333,0.517647058824
0.988235294118,0.552941176471,0.349019607843
0.937254901961,0.396078431373,0.282352941176
0.890196078431,0.290196078431,0.2
0.843137254902,0.188235294118,0.121568627451
0.701960784314,0.0,0.0
0.6,0.0,0.0
0.498039215686,0.0,0.0
YlOrRd
13
1.0,1.0,0.8
1.0,1.0,0.698039215686
1.0,0.929411764706,0.627450980392
0.996078431373,0.850980392157,0.462745098039
0.996078431373,0.8,0.360784313725
0.996078431373,0.698039215686,0.298039215686
0.992156862745,0.552941176471,0.235294117647
0.988235294118,0.305882352941,0.164705882353
0.941176470588,0.23137254902,0.125490196078
0.890196078431,0.101960784314,0.109803921569
0.741176470588,0.0,0.149019607843
0.694117647059,0.0,0.149019607843
0.501960784314,0.0,0.149019607843
YlOrBr
13
1.0,1.0,0.898039215686
1.0,1.0,0.83137254902
1.0,0.96862745098,0.737254901961
0.996078431373,0.890196078431,0.56862745098
0.996078431373,0.850980392157,0.556862745098
0.996078431373,0.76862745098,0.309803921569
0.996078431373,0.6,0.160784313725
0.925490196078,0.439215686275,0.078431372549
0.850980392157,0.372549019608,0.0549019607843
0.8,0.298039215686,0.0078431372549
0.6,0.203921568627,0.0156862745098
0.549019607843,0.176470588235,0.0156862745098
0.4,0.145098039216,0.0235294117647
Purples
13
0.988235294118,0.98431372549,0.992156862745
0.949019607843,0.941176470588,0.96862745098
0.937254901961,0.929411764706,0.960784313725
0.854901960784,0.854901960784,0.921568627451
0.796078431373,0.788235294118,0.886274509804
0.737254901961,0.741176470588,0.862745098039
0.619607843137,0.603921568627,0.78431372549
0.501960784314,0.490196078431,0.729411764706
0.458823529412,0.419607843137,0.694117647059
0.41568627451,0.317647058824,0.639215686275
0.329411764706,0.152941176471,0.560784313725
0.290196078431,0.078431372549,0.525490196078
0.247058823529,0.0,0.490196078431
Blues
13
0.96862745098,0.98431372549,1.0
0.937254901961,0.952941176471,1.0
0.870588235294,0.921568627451,0.96862745098
0.776470588235,0.858823529412,0.937254901961
0.741176470588,0.843137254902,0.905882352941
0.619607843137,0.792156862745,0.882352941176
0.419607843137,0.682352941176,0.839215686275
0.258823529412,0.572549019608,0.776470588235
0.192156862745,0.509803921569,0.741176470588
0.129411764706,0.443137254902,0.709803921569
0.0313725490196,0.317647058824,0.611764705882
0.0313725490196,0.270588235294,0.580392156863
0.0313725490196,0.188235294118,0.419607843137
Greens
13
0.96862745098,0.988235294118,0.960784313725
0.929411764706,0.972549019608,0.913725490196
0.898039215686,0.960784313725,0.878431372549
0.780392156863,0.913725490196,0.752941176471
0.729411764706,0.894117647059,0.701960784314
0.63137254902,0.850980392157,0.607843137255
0.454901960784,0.76862745098,0.462745098039
0.254901960784,0.670588235294,0.364705882353
0.192156862745,0.639215686275,0.329411764706
0.137254901961,0.545098039216,0.270588235294
0.0,0.427450980392,0.172549019608
0.0,0.352941176471,0.196078431373
0.0,0.266666666667,0.105882352941
Oranges
13
1.0,0.960784313725,0.921568627451
0.996078431373,0.929411764706,0.870588235294
0.996078431373,0.901960784314,0.807843137255
0.992156862745,0.81568627451,0.635294117647
0.992156862745,0.745098039216,0.521568627451
0.992156862745,0.682352941176,0.419607843137
0.992156862745,0.552941176471,0.235294117647
0.945098039216,0.411764705882,0.0745098039216
0.901960784314,0.333333333333,0.0509803921569
0.850980392157,0.282352941176,0.00392156862745
0.650980392157,0.211764705882,0.0117647058824
0.549019607843,0.176470588235,0.0156862745098
0.498039215686,0.152941176471,0.0156862745098
Reds
13
1.0,0.960784313725,0.941176470588
0.996078431373,0.898039215686,0.850980392157
0.996078431373,0.878431372549,0.823529411765
0.988235294118,0.733333333333,0.63137254902
0.988235294118,0.682352941176,0.56862745098
0.988235294118,0.572549019608,0.447058823529
0.98431372549,0.41568627451,0.290196078431
0.937254901961,0.23137254902,0.172549019608
0.870588235294,0.176470588235,0.149019607843
0.796078431373,0.0941176470588,0.113725490196
0.647058823529,0.0588235294118,0.0823529411765
0.6,0.0,0.0509803921569
0.403921568627,0.0,0.0509803921569
Greys
13
1.0,1.0,1.0
0.96862745098,0.96862745098,0.96862745098
0.941176470588,0.941176470588,0.941176470588
0.850980392157,0.850980392157,0.850980392157
0.8,0.8,0.8
0.741176470588,0.741176470588,0.741176470588
0.588235294118,0.588235294118,0.588235294118
0.450980392157,0.450980392157,0.450980392157
0.388235294118,0.388235294118,0.388235294118
0.321568627451,0.321568627451,0.321568627451
0.145098039216,0.145098039216,0.145098039216
0.145098039216,0.145098039216,0.145098039216
0.0,0.0,0.0
PuOr
15
0.498039215686,0.23137254902,0.0313725490196
0.701960784314,0.345098039216,0.0235294117647
0.901960784314,0.380392156863,0.00392156862745
0.878431372549,0.509803921569,0.078431372549
0.945098039216,0.639215686275,0.250980392157
0.992156862745,0.721568627451,0.388235294118
0.996078431373,0.878431372549,0.713725490196
0.96862745098,0.96862745098,0.96862745098
0.847058823529,0.854901960784,0.921568627451
0.698039215686,0.670588235294,0.823529411765
0.6,0.556862745098,0.764705882353
0.501960784314,0.450980392157,0.674509803922
0.36862745098,0.235294117647,0.6
0.329411764706,0.152941176471,0.533333333333
0.176470588235,0.0,0.294117647059
BrBG
15
0.329411764706,0.188235294118,0.0196078431373
0.549019607843,0.317647058824,0.0392156862745
0.650980392157,0.380392156863,0.101960784314
0.749019607843,0.505882352941,0.176470588235
0.847058823529,0.701960784314,0.396078431373
0.874509803922,0.760784313725,0.490196078431
0.964705882353,0.909803921569,0.764705882353
0.960784313725,0.960784313725,0.960784313725
0.780392156863,0.917647058824,0.898039215686
0.501960784314,0.803921568627,0.756862745098
0.352941176471,0.705882352941,0.674509803922
0.207843137255,0.592156862745,0.560784313725
0.00392156862745,0.521568627451,0.443137254902
0.00392156862745,0.4,0.36862745098
0.0,0.235294117647,0.188235294118
PRGn
15
0.250980392157,0.0,0.294117647059
0.462745098039,0.164705882353,0.513725490196
0.482352941176,0.196078431373,0.580392156863
0.6,0.439215686275,0.670588235294
0.686274509804,0.552941176471,0.764705882353
0.760784313725,0.647058823529,0.811764705882
0.905882352941,0.83137254902,0.909803921569
0.96862745098,0.96862745098,0.96862745098
0.850980392157,0.941176470588,0.827450980392
0.650980392157,0.858823529412,0.627450980392
0.498039215686,0.749019607843,0.482352941176
0.352941176471,0.682352941176,0.380392156863
0.0,0.533333333333,0.21568627451
0.105882352941,0.470588235294,0.21568627451
0.0,0.266666666667,0.105882352941
PiYG
15
0.556862745098,0.00392156862745,0.321568627451
0.772549019608,0.105882352941,0.490196078431
0.81568627451,0.109803921569,0.545098039216
0.870588235294,0.466666666667,0.682352941176
0.913725490196,0.639215686275,0.788235294118
0.945098039216,0.713725490196,0.854901960784
0.992156862745,0.878431372549,0.937254901961
0.96862745098,0.96862745098,0.96862745098
0.901960784314,0.960784313725,0.81568627451
0.721568627451,0.882352941176,0.525490196078
0.63137254902,0.843137254902,0.41568627451
0.498039215686,0.737254901961,0.254901960784
0.301960784314,0.674509803922,0.149019607843
0.301960784314,0.572549019608,0.129411764706
0.152941176471,0.392156862745,0.0980392156863
RdBu
15
0.403921568627,0.0,0.121568627451
0.698039215686,0.0941176470588,0.16862745098
0.792156862745,0.0,0.125490196078
0.839215686275,0.376470588235,0.301960784314
0.937254901961,0.541176470588,0.38431372549
0.956862745098,0.647058823529,0.509803921569
0.992156862745,0.858823529412,0.780392156863
0.96862745098,0.96862745098,0.96862745098
0.819607843137,0.898039215686,0.941176470588
0.572549019608,0.772549019608,0.870588235294
0.403921568627,0.662745098039,0.811764705882
0.262745098039,0.576470588235,0.764705882353
0.0196078431373,0.443137254902,0.690196078431
0.129411764706,0.4,0.674509803922
0.0196078431373,0.188235294118,0.380392156863
RdGy
15
0.403921568627,0.0,0.121568627451
0.698039215686,0.0941176470588,0.16862745098
0.792156862745,0.0,0.125490196078
0.839215686275,0.376470588235,0.301960784314
0.937254901961,0.541176470588,0.38431372549
0.956862745098,0.647058823529,0.509803921569
0.992156862745,0.858823529412,0.780392156863
1.0,1.0,1.0
0.878431372549,0.878431372549,0.878431372549
0.729411764706,0.729411764706,0.729411764706
0.6,0.6,0.6
0.529411764706,0.529411764706,0.529411764706
0.250980392157,0.250980392157,0.250980392157
0.301960784314,0.301960784314,0.301960784314
0.101960784314,0.101960784314,0.101960784314
RdYlBu
15
0.647058823529,0.0,0.149019607843
0.843137254902,0.188235294118,0.152941176471
0.843137254902,0.0980392156863,0.109803921569
0.956862745098,0.427450980392,0.262745098039
0.988235294118,0.552941176471,0.349019607843
0.992156862745,0.682352941176,0.380392156863
0.996078431373,0.878431372549,0.564705882353
1.0,1.0,0.749019607843
0.878431372549,0.952941176471,0.972549019608
0.670588235294,0.850980392157,0.913725490196
0.56862745098,0.749019607843,0.858823529412
0.454901960784,0.678431372549,0.819607843137
0.172549019608,0.482352941176,0.713725490196
0.270588235294,0.458823529412,0.705882352941
0.192156862745,0.211764705882,0.58431372549
Spectral
15
0.619607843137,0.00392156862745,0.258823529412
0.835294117647,0.243137254902,0.309803921569
0.843137254902,0.0980392156863,0.109803921569
0.956862745098,0.427450980392,0.262745098039
0.988235294118,0.552941176471,0.349019607843
0.992156862745,0.682352941176,0.380392156863
0.996078431373,0.878431372549,0.545098039216
1.0,1.0,0.749019607843
0.901960784314,0.960784313725,0.596078431373
0.670588235294,0.866666666667,0.643137254902
0.6,0.835294117647,0.580392156863
0.4,0.760784313725,0.647058823529
0.16862745098,0.513725490196,0.729411764706
0.196078431373,0.533333333333,0.741176470588
0.36862745098,0.309803921569,0.635294117647
RdYlGn
15
0.647058823529,0.0,0.149019607843
0.843137254902,0.188235294118,0.152941176471
0.843137254902,0.0980392156863,0.109803921569
0.956862745098,0.427450980392,0.262745098039
0.988235294118,0.552941176471,0.349019607843
0.992156862745,0.682352941176,0.380392156863
0.996078431373,0.878431372549,0.545098039216
1.0,1.0,0.749019607843
0.850980392157,0.937254901961,0.545098039216
0.650980392157,0.850980392157,0.41568627451
0.56862745098,0.811764705882,0.376470588235
0.4,0.741176470588,0.388235294118
0.101960784314,0.588235294118,0.254901960784
0.101960784314,0.596078431373,0.313725490196
0.0,0.407843137255,0.21568627451
Set3
12
0.552941176471,0.827450980392,0.780392156863
1.0,1.0,0.701960784314
0.745098039216,0.729411764706,0.854901960784
0.98431372549,0.501960784314,0.447058823529
0.501960784314,0.694117647059,0.827450980392
0.992156862745,0.705882352941,0.38431372549
0.701960784314,0.870588235294,0.411764705882
0.988235294118,0.803921568627,0.898039215686
0.850980392157,0.850980392157,0.850980392157
0.737254901961,0.501960784314,0.741176470588
0.8,0.921568627451,0.772549019608
1.0,0.929411764706,0.435294117647
Pastel1
9
0.98431372549,0.705882352941,0.682352941176
0.701960784314,0.803921568627,0.890196078431
0.8,0.921568627451,0.772549019608
0.870588235294,0.796078431373,0.894117647059
0.996078431373,0.850980392157,0.650980392157
1.0,1.0,0.8
0.898039215686,0.847058823529,0.741176470588
0.992156862745,0.854901960784,0.925490196078
0.949019607843,0.949019607843,0.949019607843
Set1
9
0.894117647059,0.101960784314,0.109803921569
0.21568627451,0.494117647059,0.721568627451
0.301960784314,0.686274509804,0.290196078431
0.596078431373,0.305882352941,0.639215686275
1.0,0.498039215686,0.0
1.0,1.0,0.2
0.650980392157,0.337254901961,0.156862745098
0.96862745098,0.505882352941,0.749019607843
0.6,0.6,0.6
Pastel2
8
0.701960784314,0.886274509804,0.803921568627
0.992156862745,0.803921568627,0.674509803922
0.796078431373,0.835294117647,0.909803921569
0.956862745098,0.792156862745,0.894117647059
0.901960784314,0.960784313725,0.788235294118
1.0,0.949019607843,0.682352941176
0.945098039216,0.886274509804,0.8
0.8,0.8,0.8
Set2
8
0.4,0.760784313725,0.647058823529
0.988235294118,0.552941176471,0.38431372549
0.552941176471,0.627450980392,0.796078431373
0.905882352941,0.541176470588,0.764705882353
0.650980392157,0.847058823529,0.329411764706
1.0,0.850980392157,0.18431372549
0.898039215686,0.76862745098,0.580392156863
0.701960784314,0.701960784314,0.701960784314
Dark2
8
0.105882352941,0.619607843137,0.466666666667
0.850980392157,0.372549019608,0.0078431372549
0.458823529412,0.439215686275,0.701960784314
0.905882352941,0.160784313725,0.541176470588
0.4,0.650980392157,0.117647058824
0.901960784314,0.670588235294,0.0078431372549
0.650980392157,0.462745098039,0.113725490196
0.4,0.4,0.4
Paired
12
0.650980392157,0.807843137255,0.890196078431
0.121568627451,0.470588235294,0.705882352941
0.698039215686,0.874509803922,0.541176470588
0.2,0.627450980392,0.172549019608
0.98431372549,0.603921568627,0.6
0.890196078431,0.101960784314,0.109803921569
0.992156862745,0.749019607843,0.435294117647
1.0,0.498039215686,0.0
0.792156862745,0.698039215686,0.839215686275
0.41568627451,0.239215686275,0.603921568627
1.0,1.0,0.6
0.694117647059,0.349019607843,0.156862745098
Accent
8
0.498039215686,0.788235294118,0.498039215686
0.745098039216,0.682352941176,0.83137254902
0.992156862745,0.752941176471,0.525490196078
1.0,1.0,0.6
0.219607843137,0.423529411765,0.690196078431
0.941176470588,0.0078431372549,0.498039215686
0.749019607843,0.356862745098,0.0901960784314
0.4,0.4,0.4